X:
[-5.000000 -4.500000 -4.000000 -3.500000 -3.000000 -2.500000 -2.000000 -1.500000 -1.000000 -0.500000 0.000000 0.500000 1.000000 1.500000 2.000000 2.500000 3.000000 3.500000 4.000000 4.500000 5.000000; 
-5.000000 -4.500000 -4.000000 -3.500000 -3.000000 -2.500000 -2.000000 -1.500000 -1.000000 -0.500000 0.000000 0.500000 1.000000 1.500000 2.000000 2.500000 3.000000 3.500000 4.000000 4.500000 5.000000; 
-5.000000 -4.500000 -4.000000 -3.500000 -3.000000 -2.500000 -2.000000 -1.500000 -1.000000 -0.500000 0.000000 0.500000 1.000000 1.500000 2.000000 2.500000 3.000000 3.500000 4.000000 4.500000 5.000000; 
-5.000000 -4.500000 -4.000000 -3.500000 -3.000000 -2.500000 -2.000000 -1.500000 -1.000000 -0.500000 0.000000 0.500000 1.000000 1.500000 2.000000 2.500000 3.000000 3.500000 4.000000 4.500000 5.000000; 
-5.000000 -4.500000 -4.000000 -3.500000 -3.000000 -2.500000 -2.000000 -1.500000 -1.000000 -0.500000 0.000000 0.500000 1.000000 1.500000 2.000000 2.500000 3.000000 3.500000 4.000000 4.500000 5.000000; 
-5.000000 -4.500000 -4.000000 -3.500000 -3.000000 -2.500000 -2.000000 -1.500000 -1.000000 -0.500000 0.000000 0.500000 1.000000 1.500000 2.000000 2.500000 3.000000 3.500000 4.000000 4.500000 5.000000; 
-5.000000 -4.500000 -4.000000 -3.500000 -3.000000 -2.500000 -2.000000 -1.500000 -1.000000 -0.500000 0.000000 0.500000 1.000000 1.500000 2.000000 2.500000 3.000000 3.500000 4.000000 4.500000 5.000000; 
-5.000000 -4.500000 -4.000000 -3.500000 -3.000000 -2.500000 -2.000000 -1.500000 -1.000000 -0.500000 0.000000 0.500000 1.000000 1.500000 2.000000 2.500000 3.000000 3.500000 4.000000 4.500000 5.000000; 
-5.000000 -4.500000 -4.000000 -3.500000 -3.000000 -2.500000 -2.000000 -1.500000 -1.000000 -0.500000 0.000000 0.500000 1.000000 1.500000 2.000000 2.500000 3.000000 3.500000 4.000000 4.500000 5.000000; 
-5.000000 -4.500000 -4.000000 -3.500000 -3.000000 -2.500000 -2.000000 -1.500000 -1.000000 -0.500000 0.000000 0.500000 1.000000 1.500000 2.000000 2.500000 3.000000 3.500000 4.000000 4.500000 5.000000; 
-5.000000 -4.500000 -4.000000 -3.500000 -3.000000 -2.500000 -2.000000 -1.500000 -1.000000 -0.500000 0.000000 0.500000 1.000000 1.500000 2.000000 2.500000 3.000000 3.500000 4.000000 4.500000 5.000000; 
-5.000000 -4.500000 -4.000000 -3.500000 -3.000000 -2.500000 -2.000000 -1.500000 -1.000000 -0.500000 0.000000 0.500000 1.000000 1.500000 2.000000 2.500000 3.000000 3.500000 4.000000 4.500000 5.000000; 
-5.000000 -4.500000 -4.000000 -3.500000 -3.000000 -2.500000 -2.000000 -1.500000 -1.000000 -0.500000 0.000000 0.500000 1.000000 1.500000 2.000000 2.500000 3.000000 3.500000 4.000000 4.500000 5.000000; 
-5.000000 -4.500000 -4.000000 -3.500000 -3.000000 -2.500000 -2.000000 -1.500000 -1.000000 -0.500000 0.000000 0.500000 1.000000 1.500000 2.000000 2.500000 3.000000 3.500000 4.000000 4.500000 5.000000; 
-5.000000 -4.500000 -4.000000 -3.500000 -3.000000 -2.500000 -2.000000 -1.500000 -1.000000 -0.500000 0.000000 0.500000 1.000000 1.500000 2.000000 2.500000 3.000000 3.500000 4.000000 4.500000 5.000000; 
-5.000000 -4.500000 -4.000000 -3.500000 -3.000000 -2.500000 -2.000000 -1.500000 -1.000000 -0.500000 0.000000 0.500000 1.000000 1.500000 2.000000 2.500000 3.000000 3.500000 4.000000 4.500000 5.000000; 
-5.000000 -4.500000 -4.000000 -3.500000 -3.000000 -2.500000 -2.000000 -1.500000 -1.000000 -0.500000 0.000000 0.500000 1.000000 1.500000 2.000000 2.500000 3.000000 3.500000 4.000000 4.500000 5.000000; 
-5.000000 -4.500000 -4.000000 -3.500000 -3.000000 -2.500000 -2.000000 -1.500000 -1.000000 -0.500000 0.000000 0.500000 1.000000 1.500000 2.000000 2.500000 3.000000 3.500000 4.000000 4.500000 5.000000; 
-5.000000 -4.500000 -4.000000 -3.500000 -3.000000 -2.500000 -2.000000 -1.500000 -1.000000 -0.500000 0.000000 0.500000 1.000000 1.500000 2.000000 2.500000 3.000000 3.500000 4.000000 4.500000 5.000000; 
-5.000000 -4.500000 -4.000000 -3.500000 -3.000000 -2.500000 -2.000000 -1.500000 -1.000000 -0.500000 0.000000 0.500000 1.000000 1.500000 2.000000 2.500000 3.000000 3.500000 4.000000 4.500000 5.000000; 
-5.000000 -4.500000 -4.000000 -3.500000 -3.000000 -2.500000 -2.000000 -1.500000 -1.000000 -0.500000 0.000000 0.500000 1.000000 1.500000 2.000000 2.500000 3.000000 3.500000 4.000000 4.500000 5.000000] 
Y:
[-5.000000 	-5.000000 	-5.000000 	-5.000000 	-5.000000 	-5.000000 	-5.000000 	-5.000000 	-5.000000 	-5.000000 	-5.000000 	-5.000000 	-5.000000 	-5.000000 	-5.000000 	-5.000000 	-5.000000 	-5.000000 	-5.000000 	-5.000000 	-5.00000; 
-4.500000 	-4.500000 	-4.500000 	-4.500000 	-4.500000 	-4.500000 	-4.500000 	-4.500000 	-4.500000 	-4.500000 	-4.500000 	-4.500000 	-4.500000 	-4.500000 	-4.500000 	-4.500000 	-4.500000 	-4.500000 	-4.500000 	-4.500000 	-4.50000; 	
-4.000000 	-4.000000 	-4.000000 	-4.000000 	-4.000000 	-4.000000 	-4.000000 	-4.000000 	-4.000000 	-4.000000 	-4.000000 	-4.000000 	-4.000000 	-4.000000 	-4.000000 	-4.000000 	-4.000000 	-4.000000 	-4.000000 	-4.000000 	-4.00000; 	
-3.500000 	-3.500000 	-3.500000 	-3.500000 	-3.500000 	-3.500000 	-3.500000 	-3.500000 	-3.500000 	-3.500000 	-3.500000 	-3.500000 	-3.500000 	-3.500000 	-3.500000 	-3.500000 	-3.500000 	-3.500000 	-3.500000 	-3.500000 	-3.50000; 	
-3.000000 	-3.000000 	-3.000000 	-3.000000 	-3.000000 	-3.000000 	-3.000000 	-3.000000 	-3.000000 	-3.000000 	-3.000000 	-3.000000 	-3.000000 	-3.000000 	-3.000000 	-3.000000 	-3.000000 	-3.000000 	-3.000000 	-3.000000 	-3.00000; 	
-2.500000 	-2.500000 	-2.500000 	-2.500000 	-2.500000 	-2.500000 	-2.500000 	-2.500000 	-2.500000 	-2.500000 	-2.500000 	-2.500000 	-2.500000 	-2.500000 	-2.500000 	-2.500000 	-2.500000 	-2.500000 	-2.500000 	-2.500000 	-2.50000; 	
-2.000000 	-2.000000 	-2.000000 	-2.000000 	-2.000000 	-2.000000 	-2.000000 	-2.000000 	-2.000000 	-2.000000 	-2.000000 	-2.000000 	-2.000000 	-2.000000 	-2.000000 	-2.000000 	-2.000000 	-2.000000 	-2.000000 	-2.000000 	-2.00000; 	
-1.500000 	-1.500000 	-1.500000 	-1.500000 	-1.500000 	-1.500000 	-1.500000 	-1.500000 	-1.500000 	-1.500000 	-1.500000 	-1.500000 	-1.500000 	-1.500000 	-1.500000 	-1.500000 	-1.500000 	-1.500000 	-1.500000 	-1.500000 	-1.50000; 	
-1.000000 	-1.000000 	-1.000000 	-1.000000 	-1.000000 	-1.000000 	-1.000000 	-1.000000 	-1.000000 	-1.000000 	-1.000000 	-1.000000 	-1.000000 	-1.000000 	-1.000000 	-1.000000 	-1.000000 	-1.000000 	-1.000000 	-1.000000 	-1.00000; 	
-0.500000 	-0.500000 	-0.500000 	-0.500000 	-0.500000 	-0.500000 	-0.500000 	-0.500000 	-0.500000 	-0.500000 	-0.500000 	-0.500000 	-0.500000 	-0.500000 	-0.500000 	-0.500000 	-0.500000 	-0.500000 	-0.500000 	-0.500000 	-0.50000; 	
0.000000 	0.000000 	0.000000 	0.000000 	0.000000 	0.000000 	0.000000 	0.000000 	0.000000 	0.000000 	0.000000 	0.000000 	0.000000 	0.000000 	0.000000 	0.000000 	0.000000 	0.000000 	0.000000 	0.000000 	0.000000; 	
0.500000 	0.500000 	0.500000 	0.500000 	0.500000 	0.500000 	0.500000 	0.500000 	0.500000 	0.500000 	0.500000 	0.500000 	0.500000 	0.500000 	0.500000 	0.500000 	0.500000 	0.500000 	0.500000 	0.500000 	0.500000; 	
1.000000 	1.000000 	1.000000 	1.000000 	1.000000 	1.000000 	1.000000 	1.000000 	1.000000 	1.000000 	1.000000 	1.000000 	1.000000 	1.000000 	1.000000 	1.000000 	1.000000 	1.000000 	1.000000 	1.000000 	1.000000; 	
1.500000 	1.500000 	1.500000 	1.500000 	1.500000 	1.500000 	1.500000 	1.500000 	1.500000 	1.500000 	1.500000 	1.500000 	1.500000 	1.500000 	1.500000 	1.500000 	1.500000 	1.500000 	1.500000 	1.500000 	1.500000; 	
2.000000 	2.000000 	2.000000 	2.000000 	2.000000 	2.000000 	2.000000 	2.000000 	2.000000 	2.000000 	2.000000 	2.000000 	2.000000 	2.000000 	2.000000 	2.000000 	2.000000 	2.000000 	2.000000 	2.000000 	2.000000; 	
2.500000 	2.500000 	2.500000 	2.500000 	2.500000 	2.500000 	2.500000 	2.500000 	2.500000 	2.500000 	2.500000 	2.500000 	2.500000 	2.500000 	2.500000 	2.500000 	2.500000 	2.500000 	2.500000 	2.500000 	2.500000; 	
3.000000 	3.000000 	3.000000 	3.000000 	3.000000 	3.000000 	3.000000 	3.000000 	3.000000 	3.000000 	3.000000 	3.000000 	3.000000 	3.000000 	3.000000 	3.000000 	3.000000 	3.000000 	3.000000 	3.000000 	3.000000; 	
3.500000 	3.500000 	3.500000 	3.500000 	3.500000 	3.500000 	3.500000 	3.500000 	3.500000 	3.500000 	3.500000 	3.500000 	3.500000 	3.500000 	3.500000 	3.500000 	3.500000 	3.500000 	3.500000 	3.500000 	3.500000; 	
4.000000 	4.000000 	4.000000 	4.000000 	4.000000 	4.000000 	4.000000 	4.000000 	4.000000 	4.000000 	4.000000 	4.000000 	4.000000 	4.000000 	4.000000 	4.000000 	4.000000 	4.000000 	4.000000 	4.000000 	4.000000; 	
4.500000 	4.500000 	4.500000 	4.500000 	4.500000 	4.500000 	4.500000 	4.500000 	4.500000 	4.500000 	4.500000 	4.500000 	4.500000 	4.500000 	4.500000 	4.500000 	4.500000 	4.500000 	4.500000 	4.500000 	4.500000; 	
5.000000 	5.000000 	5.000000 	5.000000 	5.000000 	5.000000 	5.000000 	5.000000 	5.000000 	5.000000 	5.000000 	5.000000 	5.000000 	5.000000 	5.000000 	5.000000 	5.000000 	5.000000 	5.000000 	5.000000 	5.000000] 	
za:
0.100248 0.018686 -0.074941 -0.145231 -0.181640 -0.191785 -0.181640 -0.145231 -0.074941 0.018686 0.100248 
0.018686 -0.103622 -0.191785 -0.217184 -0.201629 -0.189201 -0.201629 -0.217184 -0.191785 -0.103622 0.018686 
-0.074941 -0.191785 -0.210172 -0.124112 -0.006541 0.047040 -0.006541 -0.124112 -0.210172 -0.191785 -0.074941 
-0.145231 -0.217184 -0.124112 0.108920 0.351845 0.454649 0.351845 0.108920 -0.124112 -0.217184 -0.145231 
-0.181640 -0.201629 -0.006541 0.351845 0.698456 0.841471 0.698456 0.351845 -0.006541 -0.201629 -0.181640 
-0.191785 -0.189201 0.047040 0.454649 0.841471 0.000000 0.841471 0.454649 0.047040 -0.189201 -0.191785 
-0.181640 -0.201629 -0.006541 0.351845 0.698456 0.841471 0.698456 0.351845 -0.006541 -0.201629 -0.181640 
-0.145231 -0.217184 -0.124112 0.108920 0.351845 0.454649 0.351845 0.108920 -0.124112 -0.217184 -0.145231 
-0.074941 -0.191785 -0.210172 -0.124112 -0.006541 0.047040 -0.006541 -0.124112 -0.210172 -0.191785 -0.074941 
0.018686 -0.103622 -0.191785 -0.217184 -0.201629 -0.189201 -0.201629 -0.217184 -0.191785 -0.103622 0.018686 
0.100248 0.018686 -0.074941 -0.145231 -0.181640 -0.191785 -0.181640 -0.145231 -0.074941 0.018686 0.100248 
Z:
[0.100248 0.061106 0.018686 -0.028520 -0.074941 -0.114380 -0.145231 -0.167322 -0.181640 -0.189427 -0.191785 -0.189427 -0.181640 -0.167322 -0.145231 -0.114380 -0.074941 -0.028520 0.018686 0.061106 0.100248 ;
0.061106 0.008252 -0.044499 -0.095979 -0.140749 -0.173570 -0.194276 -0.204629 -0.209036 -0.211610 -0.212622 -0.211610 -0.209036 -0.204629 -0.194276 -0.173570 -0.140749 -0.095979 -0.044499 0.008252 0.061106; 
0.018686 -0.044499 -0.103622 -0.154415 -0.191785 -0.211950 -0.217184 -0.211728 -0.201629 -0.192852 -0.189201 -0.192852 -0.201629 -0.211728 -0.217184 -0.211950 -0.191785 -0.154415 -0.103622 -0.044499 0.018686 ;
-0.028520 -0.095979 -0.154415 -0.195756 -0.215742 -0.212929 -0.193328 -0.164472 -0.132534 -0.104540 -0.092315 -0.104540 -0.132534 -0.164472 -0.193328 -0.212929 -0.215742 -0.195756 -0.154415 -0.095979 -0.028520 ;
-0.074941 -0.140749 -0.191785 -0.215742 -0.210172 -0.176788 -0.124112 -0.062961 -0.006541 0.032613 0.047040 0.032613 -0.006541 -0.062961 -0.124112 -0.176788 -0.210172 -0.215742 -0.191785 -0.140749 -0.074941 ;
-0.114380 -0.173570 -0.211950 -0.212929 -0.176788 -0.108905 -0.018178 0.081774 0.161958 0.198832 0.206028 0.198832 0.161958 0.081774 -0.018178 -0.108905 -0.176788 -0.212929 -0.211950 -0.173570 -0.114380 ;
-0.145231 -0.194276 -0.217184 -0.193328 -0.124112 -0.018178 0.108920 0.239195 0.351845 0.427414 0.454649 0.427414 0.351845 0.239195 0.108920 -0.018178 -0.124112 -0.193328 -0.217184 -0.194276 -0.145231 ;
-0.167322 -0.204629 -0.211728 -0.164472 -0.062961 0.081774 0.239195 0.385028 0.539555 0.708160 0.792091 0.708160 0.539555 0.385028 0.239195 0.081774 -0.062961 -0.164472 -0.211728 -0.204629 -0.167322 ;
-0.181640 -0.209036 -0.201629 -0.132534 -0.006541 0.161958 0.351845 0.539555 0.698456 0.803805 0.841471 0.803805 0.698456 0.539555 0.351845 0.161958 -0.006541 -0.132534 -0.201629 -0.209036 -0.181640 ;
-0.189427 -0.211610 -0.192852 -0.104540 0.032613 0.198832 0.427414 0.708160 0.803805 0.557089 0.357831 0.557089 0.803805 0.708160 0.427414 0.198832 0.032613 -0.104540 -0.192852 -0.211610 -0.189427; 
-0.191785 -0.212622 -0.189201 -0.092315 0.047040 0.206028 0.454649 0.792091 0.841471 0.357831 0.000000 0.357831 0.841471 0.792091 0.454649 0.206028 0.047040 -0.092315 -0.189201 -0.212622 -0.191785;
-0.189427 -0.211610 -0.192852 -0.104540 0.032613 0.198832 0.427414 0.708160 0.803805 0.557089 0.357831 0.557089 0.803805 0.708160 0.427414 0.198832 0.032613 -0.104540 -0.192852 -0.211610 -0.189427;
-0.181640 -0.209036 -0.201629 -0.132534 -0.006541 0.161958 0.351845 0.539555 0.698456 0.803805 0.841471 0.803805 0.698456 0.539555 0.351845 0.161958 -0.006541 -0.132534 -0.201629 -0.209036 -0.181640 ;
-0.167322 -0.204629 -0.211728 -0.164472 -0.062961 0.081774 0.239195 0.385028 0.539555 0.708160 0.792091 0.708160 0.539555 0.385028 0.239195 0.081774 -0.062961 -0.164472 -0.211728 -0.204629 -0.167322 ;
-0.145231 -0.194276 -0.217184 -0.193328 -0.124112 -0.018178 0.108920 0.239195 0.351845 0.427414 0.454649 0.427414 0.351845 0.239195 0.108920 -0.018178 -0.124112 -0.193328 -0.217184 -0.194276 -0.145231 ;
-0.114380 -0.173570 -0.211950 -0.212929 -0.176788 -0.108905 -0.018178 0.081774 0.161958 0.198832 0.206028 0.198832 0.161958 0.081774 -0.018178 -0.108905 -0.176788 -0.212929 -0.211950 -0.173570 -0.114380 ;
-0.074941 -0.140749 -0.191785 -0.215742 -0.210172 -0.176788 -0.124112 -0.062961 -0.006541 0.032613 0.047040 0.032613 -0.006541 -0.062961 -0.124112 -0.176788 -0.210172 -0.215742 -0.191785 -0.140749 -0.074941 ;
-0.028520 -0.095979 -0.154415 -0.195756 -0.215742 -0.212929 -0.193328 -0.164472 -0.132534 -0.104540 -0.092315 -0.104540 -0.132534 -0.164472 -0.193328 -0.212929 -0.215742 -0.195756 -0.154415 -0.095979 -0.028520 ;
0.018686 -0.044499 -0.103622 -0.154415 -0.191785 -0.211950 -0.217184 -0.211728 -0.201629 -0.192852 -0.189201 -0.192852 -0.201629 -0.211728 -0.217184 -0.211950 -0.191785 -0.154415 -0.103622 -0.044499 0.018686 ;
0.061106 0.008252 -0.044499 -0.095979 -0.140749 -0.173570 -0.194276 -0.204629 -0.209036 -0.211610 -0.212622 -0.211610 -0.209036 -0.204629 -0.194276 -0.173570 -0.140749 -0.095979 -0.044499 0.008252 0.061106 ;
0.100248 0.061106 0.018686 -0.028520 -0.074941 -0.114380 -0.145231 -0.167322 -0.181640 -0.189427 -0.191785 -0.189427 -0.181640 -0.167322 -0.145231 -0.114380 -0.074941 -0.028520 0.018686 0.061106 0.100248] 
